255 128 128
255 0 0
128 64 64
128 0 0
64 0 0
3 3 3
255 200 128
255 255 0
255 128 64
255 128 0
255 64 0
128 128 0
128 255 128
128 255 0
0 255 0
0 128 0
0 64 0
128 128 64
0 255 128
0 255 64
0 128 128
0 128 64
0 64 64
128 128 128
128 200 255
0 255 255
0 64 128
0 0 255
0 0 128
64 128 128
0 128 255
0 128 192
128 128 255
0 0 160
0 0 64
192 192 192
255 128 192
128 128 192
128 0 64
128 0 128
64 0 64
200 128 255
255 0 255
255 0 128
128 0 128
64 0 128
48 80 49
111 26 181
17 193 13
181 206 0
172 180 27
78 74 132
88 86 120
1 1 205
164 43 142
124 124 124
47 159 64
134 0 206
192 14 179
153 53 53
100 71 135
21 185 79
7 199 194
85 125 84
92 156 80
183 175 23
168 67 38
62 101 175
12 194 145
68 145 36
178 76 178
178 178 76
76 178 178
229 76 178
76 229 178
178 76 229
76 178 229
229 178 76
178 229 76
76 229 229
229 76 229
229 229 76
89 199 61
61 89 199
199 61 89
61 199 89
89 61 199
199 89 61
102 204 153
153 102 204
204 153 102
153 204 102
204 102 153
102 153 204
210 90 140
90 210 140
140 90 210
140 210 90
90 140 210
210 140 90
190 110 220
110 190 220
220 110 190
220 190 110
110 220 190
190 220 110
70 130 180
154 205 50
255 105 180
139 69 19
60 179 113
123 104 238
240 230 140
